Numeros sorteados: 

19 10 28 41 44 5 
44 16 46 10 49 47 
4 34 32 43 53 59 
9 1 44 23 14 18 
25 50 35 15 30 53 
20 39 11 40 55 3 
41 24 6 53 45 9 
54 1 9 58 39 21 
42 18 16 38 60 46 
44 21 59 30 25 8 
59 21 18 27 50 14 
50 32 38 20 31 19 
40 50 18 12 38 7 
49 59 21 23 1 27 
22 3 9 54 45 42 
50 36 42 4 46 1 
60 58 47 7 25 53 
14 12 15 31 57 7 
15 37 21 59 6 38 
34 43 38 40 25 11 
24 3 37 33 52 51 
55 30 37 41 53 48 
46 27 60 32 53 46 
9 20 45 52 45 1 
16 24 52 30 40 26 
35 49 59 17 52 35 
58 31 55 50 53 12 
25 32 12 14 33 5 
46 22 56 30 31 25 
28 40 21 56 39 5 
13 27 45 42 39 44 
40 58 60 48 36 18 
39 47 11 30 41 4 
14 22 10 50 33 38 
29 23 57 27 7 49 
25 36 38 8 9 6 
14 41 16 58 13 36 
9 58 44 15 45 23 
31 52 38 59 15 37 
42 6 30 27 17 15 
23 4 37 5 28 20 
11 8 2 4 6 25 
52 32 44 16 47 41 
20 36 21 20 3 8 
18 46 21 29 5 21 
44 5 50 31 16 47 
11 36 10 27 35 60 
20 24 28 46 6 21 
21 46 24 51 41 15 
60 1 22 41 5 37 
56 54 17 36 31 19 
54 40 24 39 50 40 
44 26 11 47 58 1 
14 56 12 13 3 35 
41 36 51 33 42 9 
41 21 25 36 15 50 
38 14 16 9 41 46 
17 24 52 6 48 6 
6 5 6 38 58 48 
42 8 60 58 50 54 
30 42 16 24 31 36 
14 38 21 20 14 10 
14 57 57 41 24 5 
3 50 18 54 43 13 
1 43 38 9 52 24 
54 58 24 41 16 56 
58 45 21 29 21 36 
31 15 6 11 23 5 
26 20 24 44 7 8 
17 20 29 24 40 28 
22 16 4 58 34 57 
20 5 5 8 25 30 
3 32 6 47 55 45 
47 22 7 58 16 59 
4 7 12 49 25 55 
26 41 5 23 56 56 
23 38 52 21 18 29 
52 50 27 44 30 33 
40 6 13 17 23 29 
40 24 22 7 23 15 
8 7 25 29 11 58 
15 40 54 5 60 37 
1 26 38 54 31 25 
57 35 23 43 40 47 
27 27 30 47 24 49 
52 36 48 50 51 23 
53 57 7 7 40 9 
11 38 32 26 13 13 
35 48 19 37 31 19 
53 1 7 19 46 20 
5 28 45 8 4 7 
3 10 60 35 9 45 
48 47 39 9 59 9 
11 5 55 53 51 36 
57 1 60 36 45 56 
55 33 56 2 15 38 
44 28 56 31 11 39 
37 29 6 52 43 49 
33 16 55 16 37 54 
49 12 60 48 54 3 
45 38 41 57 17 39 
43 26 40 34 57 14 
29 46 33 54 51 60 
46 10 54 20 43 10 
8 60 29 15 46 29 
19 34 10 24 28 27 
19 34 3 6 56 9 
56 29 46 1 10 4 
32 27 55 4 34 27 
55 46 38 28 9 55 
58 16 38 54 54 29 
59 35 22 1 42 23 
45 46 34 11 21 27 
37 27 35 9 53 34 
40 26 49 55 2 57 
47 58 21 15 59 27 
41 11 49 46 14 30 
34 23 50 34 54 25 
29 11 55 4 56 5 
22 18 32 24 21 52 
58 53 43 9 48 24 
57 20 40 17 35 15 
45 24 39 29 1 38 
43 19 33 60 27 1 
51 9 38 22 26 20 
14 49 34 59 6 34 
31 52 40 40 44 9 
29 59 20 9 54 34 
20 17 19 6 15 5 
15 1 31 25 26 38 
16 8 23 41 27 41 
36 46 24 35 59 57 
21 5 11 20 18 37 
32 60 11 43 47 34 
33 32 41 58 49 3 
26 16 10 60 60 3 
10 27 28 52 50 36 
23 57 9 11 15 57 
41 14 45 24 31 53 
60 30 1 4 14 37 
1 4 15 58 43 27 
25 33 7 33 21 39 
2 47 30 15 58 2 
50 43 19 34 7 34 
11 21 48 38 28 17 
25 20 16 31 43 58 
55 26 33 23 53 31 
33 60 60 51 18 23 
15 56 28 1 27 45 
16 46 34 26 3 37 
28 31 29 20 40 46 
24 18 59 55 5 31 
2 21 15 11 30 3 
48 4 26 56 52 35 
38 41 32 40 48 17 
38 13 41 38 7 11 
45 58 29 60 7 17 
56 13 19 45 7 16 
59 43 27 37 12 19 
54 29 19 1 28 50 
59 36 59 34 27 25 
23 42 19 25 49 9 
33 55 19 23 45 38 
51 40 33 4 20 28 
38 36 33 60 34 12 
2 48 29 28 30 7 
10 32 26 30 15 8 
21 15 5 44 2 53 
56 56 23 10 36 28 
3 30 25 55 23 27 
28 51 3 18 1 31 
50 58 6 22 3 37 
59 26 24 29 18 40 
34 26 12 50 33 55 
11 21 16 17 18 23 
30 26 13 9 60 59 
57 5 50 31 6 15 
42 36 46 5 10 5 
22 49 51 38 58 23 
11 47 55 42 27 43 
4 45 21 23 23 19 
13 10 41 33 46 56 
10 38 44 58 34 23 
19 33 39 16 51 47 
40 30 37 39 42 59 
8 59 47 58 34 51 
6 34 57 30 28 50 
51 10 4 59 28 19 
55 27 40 58 39 25 
23 20 27 27 42 55 
56 23 33 22 9 9 
39 38 25 40 39 33 
35 56 47 6 16 9 
30 36 6 17 26 55 
16 56 42 25 14 40 
59 44 58 25 57 52 
18 21 8 47 26 2 
6 26 34 5 56 21 
33 22 20 25 26 50 
59 14 51 25 11 11 
42 42 15 41 46 38 
48 38 21 38 29 56 
44 49 37 17 4 43 
33 4 24 8 54 22 
36 50 36 28 14 17 
6 36 39 41 54 50 
17 17 58 4 58 9 
46 34 10 12 31 49 
15 7 17 38 8 22 
32 23 4 41 55 44 
43 4 55 17 22 30 
19 32 7 15 12 6 
18 4 23 29 58 41 
42 55 54 14 22 26 
14 32 36 10 18 18 
31 23 9 53 50 35 
25 6 57 47 19 41 
22 1 37 30 33 22 
34 10 10 25 60 57 
45 10 18 19 24 45 
4 4 39 30 51 54 
14 39 29 20 51 32 
36 32 45 2 43 51 
31 32 27 21 2 43 
36 48 18 35 28 20 
22 25 4 46 52 45 
23 56 12 14 52 9 
19 52 6 8 14 16 
57 45 29 39 47 3 
13 48 4 13 18 21 
12 33 3 19 2 31 
15 56 6 18 19 23 
60 54 19 28 60 45 
24 58 15 54 51 18 
14 51 55 38 60 25 
4 35 56 55 23 28 
42 58 37 5 44 54 
16 2 5 54 8 46 
14 8 28 37 38 9 
17 59 20 21 19 40 
39 16 3 41 23 44 
45 7 27 30 54 6 
13 51 33 1 57 41 
37 23 54 9 44 8 
11 16 47 60 13 35 
53 7 56 10 53 46 
57 50 10 58 1 34 
7 53 54 44 46 33 
31 14 14 5 11 50 
29 58 43 46 38 55 
46 37 59 36 54 55 
12 6 57 48 48 41 
32 9 53 45 10 57 
41 47 51 27 10 2 
3 31 31 16 42 14 
37 18 31 36 44 34 
14 25 40 34 38 10 
26 22 51 34 2 3 
10 13 46 9 30 11 
38 38 42 25 26 60 
50 60 3 57 36 52 
25 29 41 49 19 2 
31 27 45 19 16 5 
33 9 46 29 53 43 
13 57 49 1 9 50 
53 11 24 37 11 43 
45 60 55 33 52 42 
37 29 36 5 14 38 
29 54 34 29 29 40 
23 19 32 13 18 54 
6 57 27 18 25 41 
45 2 36 25 35 4 
28 58 36 33 40 55 
54 11 24 56 8 55 
17 7 37 22 11 20 
22 44 44 32 3 56 
33 39 52 2 12 47 
20 34 46 35 51 41 
12 52 13 20 10 26 
13 30 50 22 40 16 
2 51 22 30 14 36 
44 4 44 6 45 19 
51 46 20 47 14 7 
8 48 20 53 42 30 
53 58 37 25 40 16 
41 24 60 7 11 19 
46 35 11 17 33 10 
16 59 15 18 50 43 
57 15 47 31 5 55 
17 50 25 33 59 16 
2 27 14 12 29 58 
53 25 56 41 35 44 
55 40 53 33 32 3 
10 40 21 14 5 14 
52 52 15 9 26 13 
38 28 32 50 3 51 
27 30 44 50 1 38 
23 53 40 7 22 8 
42 7 46 28 29 3 
8 38 9 58 30 20 
28 12 9 20 24 20 
2 26 40 11 21 41 
29 27 51 53 33 12 
43 20 17 28 15 16 
47 58 54 3 34 27 
46 51 29 40 9 7 
3 54 26 28 28 51 
37 46 5 33 59 54 
22 9 40 16 58 17 
32 8 55 50 30 15 
40 57 41 8 54 57 
60 40 42 51 14 15 
51 10 4 25 35 57 
49 13 11 13 33 48 
4 16 20 28 22 51 
58 58 5 59 53 43 
42 27 52 10 41 25 
43 10 19 46 43 8 
58 3 23 18 56 59 
2 34 45 48 39 51 
44 3 51 44 11 28 
24 7 56 19 49 4 
59 27 56 28 35 23 
26 57 50 36 40 52 
18 57 27 12 59 45 
45 45 48 4 49 38 
10 3 32 25 15 47 
42 38 15 60 20 59 
36 21 6 40 19 51 
48 31 55 42 45 14 
15 29 10 14 53 29 
8 40 60 42 51 50 
12 48 38 51 57 45 
6 41 49 2 10 41 
34 29 37 5 59 15 
27 53 20 44 43 34 
2 10 48 34 34 17 
45 27 11 39 34 5 
14 15 28 7 33 44 
50 25 22 10 38 4 
50 2 41 6 49 33 
19 34 39 11 13 15 
40 37 24 32 17 51 
45 9 25 32 53 5 
4 45 58 41 15 25 
31 14 19 33 26 27 
39 35 3 7 20 32 
51 10 53 13 34 27 
4 31 16 36 40 23 
59 22 16 4 36 7 
19 15 30 47 30 2 
12 24 16 1 17 7 
29 40 5 5 47 11 
57 19 7 20 36 51 
30 57 36 20 33 20 
44 58 35 23 26 10 
24 5 1 31 9 3 
19 28 49 18 50 21 
4 8 25 33 57 52 
56 13 55 58 20 46 
47 10 40 50 25 22 
12 24 55 55 6 30 
33 15 37 10 32 38 
2 60 27 48 34 13 
22 11 40 24 25 52 
50 34 5 22 8 34 
9 12 18 6 23 38 
43 22 10 18 45 52 
26 37 52 47 42 12 
13 24 23 46 3 11 
60 50 50 12 15 57 
9 39 42 51 47 24 
2 47 9 54 36 10 
46 28 40 29 1 10 
26 31 3 48 58 31 
14 46 30 30 29 12 
30 7 56 27 30 58 
32 47 58 17 47 32 
50 24 16 9 54 46 
55 15 21 54 14 54 
39 33 48 33 46 52 
8 49 20 52 37 4 
7 48 27 8 10 9 
55 46 24 57 42 22 
27 43 17 11 52 41 
22 41 44 39 56 38 
4 30 25 31 44 6 
39 36 20 36 37 46 
59 55 38 17 41 50 
43 7 48 26 46 23 
5 31 28 60 48 48 
41 20 30 57 10 19 
17 24 51 1 37 19 
24 48 38 49 35 39 
14 45 10 29 38 10 
43 55 19 6 1 10 
10 26 10 37 43 37 
49 8 6 4 60 50 
20 10 35 23 60 52 
4 58 60 4 21 25 
50 26 28 11 45 39 
25 46 14 33 1 33 
24 54 48 33 55 23 
24 24 36 5 6 45 
60 10 20 52 41 28 
40 26 55 29 49 55 
45 20 30 10 24 36 
39 47 3 5 20 41 
39 9 10 43 51 3 
4 11 32 7 12 37 
2 32 21 22 60 39 
13 37 30 26 39 13 
55 1 19 48 35 31 
29 49 32 53 35 21 
45 51 7 59 49 11 
27 33 38 55 14 37 
35 37 32 8 46 60 
6 5 48 21 49 51 
13 52 12 25 24 13 
40 54 25 40 37 53 
26 37 60 4 32 14 
39 20 57 22 24 14 
57 52 32 28 51 25 
5 15 43 4 4 40 
41 46 31 35 13 15 
41 9 50 10 13 21 
30 24 28 26 42 3 
19 30 41 58 16 20 
6 21 39 4 13 32 
27 36 34 3 3 5 
36 20 16 12 2 5 
49 12 1 34 19 54 
54 49 7 56 14 36 
19 34 37 4 7 38 
24 60 41 3 5 3 
18 39 39 21 22 3 
16 35 3 23 37 25 
22 58 21 51 54 1 
13 27 58 12 9 10 
11 16 25 15 8 36 
23 16 8 29 47 50 
24 6 53 47 35 8 
50 36 36 31 24 44 
34 60 15 45 54 14 
15 44 41 60 52 32 
22 59 9 4 15 33 
31 14 49 13 48 56 
46 50 52 32 43 43 
30 13 6 59 47 55 
53 48 49 18 7 12 
50 11 15 36 54 24 
56 21 43 44 32 58 
56 23 3 42 33 10 
9 13 58 17 55 24 
48 21 12 14 19 10 
58 51 24 33 7 34 
43 6 26 44 37 18 
15 40 49 23 4 48 
34 4 5 17 24 6 
41 33 42 48 10 41 
2 12 43 8 38 5 
53 5 58 2 17 17 
13 42 1 42 21 56 
17 26 28 45 5 29 
23 35 20 10 13 41 
11 3 55 35 18 25 
33 33 23 19 50 21 
3 13 46 55 34 32 
45 41 39 39 46 55 
49 39 34 55 53 50 
40 52 52 29 15 14 
17 59 33 12 21 15 
58 13 29 36 4 50 
54 57 24 12 7 4 
32 3 52 29 25 60 
26 16 1 50 32 16 
10 26 1 37 55 49 
25 57 5 60 52 39 
14 16 3 43 56 54 
40 55 56 12 19 55 
35 8 44 40 5 42 
27 50 42 5 32 46 
22 52 29 50 11 53 
33 34 58 32 54 14 
33 20 43 52 45 15 
10 53 13 19 20 54 
36 12 55 29 29 57 
24 51 30 18 9 46 
44 11 53 41 59 38 
60 59 25 41 57 25 
51 1 13 53 53 39 
38 15 8 21 9 33 
21 32 49 13 47 60 
39 47 3 49 60 43 
36 1 40 47 38 30 
34 24 20 15 9 33 
11 19 47 19 12 35 
58 43 46 37 33 27 
47 57 32 39 25 55 
6 23 23 22 23 40 
5 17 1 29 58 48 
43 15 36 2 12 5 
18 35 44 26 55 46 
35 52 20 33 53 1 
11 5 18 55 4 54 
23 38 48 31 17 31 
30 35 4 49 29 22 
3 22 8 43 50 36 
12 2 39 46 58 4 
19 48 54 47 5 58 
30 5 48 13 37 23 
2 29 46 7 11 9 
59 10 47 40 18 5 
47 51 52 46 35 57 
22 32 32 19 58 50 
60 17 30 22 51 37 
59 17 21 35 18 30 
40 7 1 39 18 39 
21 33 16 32 50 17 
23 21 57 5 51 3 
16 27 59 56 46 48 
6 1 4 38 23 27 
60 38 8 18 32 19 
2 34 48 35 48 54 
45 14 31 23 42 47 
50 9 4 27 56 35 
23 12 39 49 7 48 
5 57 26 17 28 19 
27 6 30 19 45 37 
51 49 30 37 7 8 
4 47 50 39 29 24 
31 6 56 17 6 43 
45 15 32 28 45 8 
45 2 19 20 3 18 
29 42 8 5 31 1 
19 16 9 3 11 25 
29 34 7 12 50 9 
31 4 45 15 24 29 
58 4 54 45 17 38 
25 24 6 54 21 38 
40 19 21 34 58 3 
19 7 6 50 31 33 
55 4 36 53 37 48 
30 52 44 36 47 44 
21 10 52 33 22 4 
3 38 34 57 25 41 
49 23 5 48 57 60 
38 14 55 33 44 35 
5 31 9 6 37 38 
44 60 35 58 24 2 
28 45 37 57 52 36 
26 29 48 53 19 54 
40 37 40 29 27 11 
35 10 43 44 12 57 
57 47 48 39 56 23 
6 25 37 37 21 8 
28 30 55 55 31 20 
55 34 16 42 22 41 
36 51 23 28 42 26 
36 22 10 33 36 31 
26 7 14 32 10 4 
10 36 36 16 32 29 
54 20 4 20 28 27 
50 47 16 57 23 21 
32 44 31 36 36 27 
32 50 39 11 28 1 
15 52 37 57 46 31 
30 41 52 44 9 10 
16 58 11 48 13 52 
34 7 34 33 27 6 
37 2 22 28 36 19 
15 10 6 31 45 52 
10 5 27 16 24 23 
11 29 60 18 58 53 
40 45 5 58 27 60 
35 56 3 41 2 6 
39 35 27 4 14 39 
14 41 23 23 29 58 
31 23 37 6 56 40 
47 24 54 44 53 14 
44 49 2 24 56 4 
6 54 26 11 27 50 
19 22 30 52 16 31 
29 49 28 23 14 29 
3 34 24 14 41 31 
33 56 53 15 22 19 
10 28 44 27 31 45 
26 37 37 53 27 38 
57 16 13 36 35 24 
47 41 51 12 30 60 
44 49 10 31 37 17 
35 46 32 1 19 43 
19 49 55 21 2 1 
38 7 14 29 9 5 
58 48 5 12 41 59 
44 15 31 39 1 26 
5 39 8 48 16 35 
47 37 56 53 18 29 
51 56 45 16 58 15 
46 2 36 54 17 38 
35 50 26 24 17 3 
2 20 34 45 10 40 
50 34 35 9 53 22 
1 13 48 40 43 13 
21 52 49 21 3 58 
9 59 44 32 11 46 
20 46 10 22 29 54 
54 34 5 30 13 33 
35 12 33 17 28 16 
3 54 13 46 22 8 
30 47 16 26 29 41 
23 21 59 52 25 39 
57 51 58 23 24 24 
1 21 42 15 42 14 
31 8 38 45 32 22 
9 21 26 4 1 21 
40 24 7 41 15 57 
18 1 34 17 9 9 
36 48 9 16 4 47 
23 26 49 18 26 49 
28 45 60 20 12 45 
7 54 56 20 27 55 
35 33 33 9 20 17 
23 28 59 39 32 4 
24 21 6 5 22 32 
45 27 2 13 18 43 
42 32 27 60 58 46 
2 39 37 4 46 19 
19 41 17 43 10 34 
15 50 26 52 18 55 
42 54 20 50 35 1 
8 10 53 42 9 4 
48 22 15 47 49 53 
43 46 23 46 55 27 
21 45 3 28 38 4 
2 58 27 13 55 19 
15 50 18 51 7 43 
43 28 57 43 51 43 
7 31 17 6 58 60 
14 8 31 18 19 44 
17 58 34 42 59 7 
60 53 10 2 47 13 
4 1 39 58 40 27 
56 36 15 50 43 28 
44 19 3 40 18 25 
15 12 17 36 20 34 
53 40 28 49 55 48 
2 19 49 49 23 27 
31 54 23 31 12 38 
59 28 29 29 13 28 
57 30 4 14 9 36 
40 47 55 20 41 42 
12 27 47 47 31 23 
30 28 2 36 28 14 
24 9 47 20 23 29 
1 21 44 48 58 5 
48 28 50 51 33 7 
1 10 42 53 55 31 
2 6 30 17 6 7 
57 52 18 56 19 3 
25 3 56 27 16 1 
25 38 23 18 14 29 
50 35 34 55 56 27 
46 21 5 31 12 49 
34 47 24 15 3 10 
24 45 23 5 59 47 
26 9 33 43 14 2 
56 30 60 4 29 30 
57 2 57 39 2 51 
43 54 35 13 42 50 
52 55 31 26 28 14 
7 8 10 5 47 45 
12 6 13 48 5 21 
16 36 42 13 24 28 
45 22 46 37 13 58 
45 42 3 46 41 58 
58 47 55 16 28 33 
40 7 13 4 3 56 
44 26 11 38 46 33 
47 8 5 42 50 31 
12 25 3 60 12 56 
23 39 14 5 3 24 
56 11 59 12 56 52 
21 51 34 28 25 13 
60 1 11 60 48 16 
5 55 16 23 1 34 
25 36 25 45 23 45 
40 40 3 45 11 2 
30 3 18 10 37 30 
10 19 37 28 48 32 
38 15 18 52 51 2 
15 40 5 58 23 4 
24 7 40 49 37 17 
17 36 26 56 39 16 
26 1 2 37 56 51 
6 17 46 58 54 30 
25 54 36 10 6 20 
15 29 35 17 43 44 
60 23 1 11 28 13 
51 39 20 46 51 43 
18 45 10 16 15 43 
38 35 4 39 23 36 
25 26 22 19 29 7 
26 12 37 18 36 16 
45 37 19 42 58 9 
25 5 58 28 57 58 
39 39 50 30 55 15 
29 2 10 38 53 57 
58 10 33 46 1 30 
3 37 49 31 26 12 
16 30 53 4 46 3 
19 32 2 32 22 29 
26 29 21 4 8 56 
15 57 35 1 26 27 
16 33 43 4 9 43 
35 18 54 52 42 44 
57 6 16 25 18 43 
56 48 52 15 11 41 
5 30 60 50 43 46 
44 38 23 7 8 34 
59 43 45 53 25 45 
25 6 9 16 31 20 
48 41 55 38 47 33 
23 24 36 34 51 5 
42 17 23 45 21 37 
10 14 12 54 12 38 
57 4 9 35 24 19 
5 40 54 22 21 17 
28 50 60 14 21 22 
29 42 12 29 11 46 
50 44 47 46 23 11 
19 15 22 9 40 14 
22 54 52 14 18 4 
30 20 36 23 24 41 
28 23 6 28 15 40 
18 6 17 29 59 39 
50 60 23 38 16 9 
27 57 45 47 3 41 
31 37 53 9 41 18 
34 56 1 6 59 25 
27 22 21 23 43 55 
51 37 30 3 35 50 
9 10 46 38 20 33 
52 33 10 26 24 56 
34 28 43 30 35 56 
57 58 27 55 9 11 
22 47 33 58 50 49 
21 19 35 48 34 10 
59 2 41 48 23 29 
47 6 12 8 7 44 
39 18 50 52 55 11 
15 38 38 24 17 24 
55 26 6 12 38 46 
23 58 11 17 3 40 
34 21 36 19 36 58 
40 26 25 11 8 9 
15 12 60 46 56 53 
23 57 34 32 31 31 
32 15 15 57 3 8 
32 29 7 49 59 41 
54 1 9 32 39 40 
9 59 39 53 2 10 
40 34 13 32 13 16 
57 4 12 28 55 25 
11 1 38 23 52 35 
59 30 29 38 3 36 
26 53 25 8 37 5 
54 56 42 40 26 47 
26 37 15 40 60 26 
26 16 14 51 23 41 
6 32 58 16 51 18 
3 20 20 48 19 37 
51 37 8 49 43 25 
45 33 51 4 42 29 
48 5 17 20 54 1 
16 39 30 5 15 44 
36 5 16 9 32 8 
3 38 24 48 4 15 
4 52 22 47 49 35 
25 54 42 43 30 55 
38 4 48 34 38 57 
56 31 3 48 38 22 
43 24 20 19 8 12 
28 32 46 24 26 11 
23 28 7 31 2 33 
53 22 51 19 41 45 
40 14 53 38 49 24 
43 20 13 55 25 26 
2 60 45 43 48 4 
19 38 17 30 42 45 
51 31 9 34 4 18 
35 11 3 43 33 34 
5 47 24 9 1 33 
45 45 2 35 23 34 
8 1 41 53 4 4 
58 51 40 2 30 4 
19 43 29 39 10 26 
35 30 30 20 37 22 
38 6 41 60 15 43 
15 49 42 13 42 53 
36 44 17 59 38 60 
24 10 55 18 16 28 
8 8 24 48 35 41 
11 29 17 19 13 42 
10 40 36 35 26 18 
38 58 31 27 43 51 
53 15 24 37 33 40 
28 51 27 1 44 30 
49 47 17 3 10 57 
54 28 13 3 5 55 
40 8 54 36 44 59 
9 26 42 54 50 54 
45 57 55 36 53 12 
32 24 19 39 42 1 
60 54 38 30 21 36 
5 39 14 50 48 53 
10 24 42 52 19 15 
58 7 9 53 36 21 
5 36 42 9 53 13 
43 35 26 51 34 20 
21 59 57 31 49 50 
8 20 48 34 57 60 
48 20 15 13 24 44 
7 52 26 27 6 15 
55 22 47 54 42 52 
12 16 12 54 6 30 
28 52 55 28 10 25 
18 43 13 25 26 29 
48 46 6 27 30 55 
6 39 17 10 53 17 
50 55 53 2 13 16 
54 28 56 24 10 26 
42 19 54 4 49 42 
35 45 28 43 31 25 
59 26 40 32 47 4 
1 49 35 58 60 33 
5 30 44 52 12 42 
39 59 48 4 29 7 
27 23 34 33 59 6 
58 49 30 22 13 53 
37 25 22 9 49 24 
24 18 19 11 45 35 
14 9 2 21 12 33 
59 54 33 55 26 43 
39 43 25 53 44 45 
55 20 18 49 56 25 
31 30 8 45 57 51 
4 45 29 55 19 30 
29 40 40 49 16 39 
36 8 2 27 7 60 
17 20 1 33 45 39 
37 20 60 46 29 6 
55 16 46 57 24 17 
47 49 59 2 42 33 
14 53 40 27 43 9 
51 59 8 19 2 48 
13 55 56 52 5 11 
21 28 21 42 23 29 
15 2 40 43 39 33 
50 18 6 48 17 12 
49 30 52 41 45 3 
33 13 47 48 26 7 
50 38 10 34 31 41 
13 43 53 11 18 22 
19 14 38 56 16 3 
24 42 18 9 24 4 
36 18 29 54 27 20 
40 46 4 17 49 39 
47 48 57 14 41 38 
50 39 20 43 19 51 
19 17 33 24 41 15 
17 17 36 12 28 21 
27 33 27 8 47 55 
17 36 24 56 31 53 
10 34 54 12 43 8 
3 29 30 2 33 25 
14 18 45 28 38 60 
24 18 45 15 14 4 
42 15 43 24 35 40 
11 5 4 58 29 56 
59 34 29 55 29 47 
10 56 54 40 22 33 
52 35 51 20 31 45 
47 39 5 35 34 35 
50 41 2 8 4 45 
26 30 32 33 11 36 
53 15 31 37 47 51 
29 17 22 34 39 39 
8 44 6 7 52 55 
10 30 21 38 42 39 
15 11 40 1 16 42 
57 55 57 41 25 3 
53 39 50 59 55 46 
17 42 46 20 44 60 
13 34 16 31 18 4 
38 59 41 37 14 31 
10 29 7 36 25 18 
43 52 16 36 13 21 
5 32 5 17 54 31 
49 35 33 40 48 34 
46 14 30 5 14 58 
22 24 21 11 15 12 
57 16 15 50 37 57 
36 51 13 22 35 45 
48 33 41 48 30 30 
6 29 28 30 59 7 
22 24 8 28 29 28 
27 28 22 48 21 35 
45 60 2 30 47 49 
11 12 20 35 11 6 
2 20 58 45 59 17 
38 39 46 22 52 55 
46 36 40 18 4 34 
16 24 17 8 25 15 
25 1 17 41 20 6 
19 55 14 13 9 60 
38 56 29 54 3 59 
54 51 51 48 49 38 
22 58 3 1 51 6 
32 57 47 45 2 45 
43 28 3 17 15 52 
38 41 37 4 26 26 
48 15 29 7 54 54 
51 13 15 26 16 55 
38 26 52 60 37 9 
2 30 16 32 54 3 
45 36 1 21 20 44 
34 40 60 30 53 17 
41 28 32 56 49 27 
4 3 54 55 57 3 
55 36 10 2 30 36 
45 53 16 13 14 45 
59 39 22 4 40 35 
21 39 54 60 49 8 
18 38 60 33 5 32 
21 26 13 28 27 31 
2 8 31 19 9 27 
60 53 47 44 49 26 
7 34 50 28 22 57 
53 6 54 45 45 41 
35 24 32 33 29 12 
36 24 51 39 33 17 
42 33 10 7 17 14 
7 21 29 47 43 52 
10 19 1 41 34 38 
34 59 42 25 32 11 
25 28 8 22 43 5 
30 27 31 43 1 38 
50 13 52 37 52 54 
29 4 1 5 29 46 
50 9 15 43 30 20 
34 31 15 16 57 6 
32 28 5 43 22 60 
39 9 59 21 23 35 
5 10 46 28 58 17 
14 22 40 24 25 55 
12 30 9 57 59 3 
26 50 36 32 22 18 
47 22 8 13 16 13 
12 1 56 30 9 14 
38 6 5 43 49 7 
52 17 19 60 24 29 
36 36 56 48 26 34 
4 11 59 54 11 53 
37 8 21 41 55 20 
32 8 35 19 25 52 
7 35 60 4 44 2 
1 19 40 36 3 6 
31 26 1 45 12 21 
10 53 13 42 45 34 
3 7 16 17 15 45 
27 40 39 13 47 19 
51 7 2 15 3 47 
44 52 46 1 37 33 
15 55 3 46 13 35 
59 45 45 18 46 28 
12 39 35 55 38 52 
4 44 15 45 1 20 
23 44 19 27 60 54 
49 26 24 33 15 34 
17 16 53 37 58 31 
45 34 17 3 32 59 
34 22 44 45 17 49 
58 21 37 25 22 41 
40 55 57 58 36 11 
5 49 21 30 53 24 
26 11 13 36 33 22 
50 44 23 20 46 48 
51 30 58 58 11 31 
59 26 15 40 30 27 
52 56 20 53 49 25 
53 6 11 40 57 16 
45 33 60 39 7 6 
37 29 36 21 36 13 
50 48 49 40 28 16 
52 30 35 25 47 42 
11 19 17 24 57 14 
45 27 13 21 2 14 
50 51 42 8 51 21 
17 14 23 4 10 51 
